0800 1 221
0800 2 345
0800 3 176
0800 4 198
0800 5 302
0800 6 267
0800 7 190
0800 8 413
0800 9 180
0800 10 205
0815 1 289
0815 2 156
0815 3 372
0815 4 450
0815 5 198
0815 6 314
0815 7 167
0815 8 253
0815 9 309
0815 10 421
0830 1 210
0830 2 398
0830 3 156
0830 4 287
0830 5 340
0830 6 199
0830 7 256
0830 8 399
0830 9 145
0830 10 310
0845 1 215
0845 2 289
0845 3 123
0845 4 312
0845 5 450
0845 6 223
0845 7 378
0845 8 431
0845 9 194
0845 10 175
0900 1 330
0900 2 410
0900 3 150
0900 4 289
0900 5 467
0900 6 243
0900 7 182
0900 8 315
0900 9 223
0900 10 352
0915 1 265
0915 2 315
0915 3 145
0915 4 390
0915 5 289
0915 6 376
0915 7 198
0915 8 254
0915 9 409
0915 10 291
